# Made in Blockbench 4.12.2
mtllib enderite_armor_layer_2.mtl

o waist
v 2.1927291969906726 1.53125 0.4256338066874539
v 2.085847902201401 1.53125 0.1319798626918575
v 2.1927291969906726 0.71875 0.4256338066874539
v 2.085847902201401 0.71875 0.1319798626918575
v 1.5572708030093274 1.53125 0.3243661933125461
v 1.664152097798599 1.53125 0.6180201373081425
v 1.5572708030093274 0.71875 0.3243661933125461
v 1.664152097798599 0.71875 0.6180201373081425
vt 0.3125 0.375
vt 0.4375 0.375
vt 0.4375 0
vt 0.3125 0
vt 0.25 0.375
vt 0.3125 0.375
vt 0.3125 0
vt 0.25 0
vt 0.5 0.375
vt 0.625 0.375
vt 0.625 0
vt 0.5 0
vt 0.4375 0.375
vt 0.5 0.375
vt 0.5 0
vt 0.4375 0
vt 0.4375 0.375
vt 0.3125 0.375
vt 0.3125 0.5
vt 0.4375 0.5
vt 0.5625 0.5
vt 0.4375 0.5
vt 0.4375 0.375
vt 0.5625 0.375
vn -0.34202014332566866 0 -0.9396926207859084
vn 0.9396926207859084 0 -0.34202014332566866
vn 0.34202014332566866 0 0.9396926207859084
vn -0.9396926207859084 0 0.34202014332566866
vn 0 1 0
vn 0 -1 0
usemtl m_cc9152ef-ed8e-2a57-ce9e-13ec3f6adc82
f 4/4/1 7/3/1 5/2/1 2/1/1
f 3/8/2 4/7/2 2/6/2 1/5/2
f 8/12/3 3/11/3 1/10/3 6/9/3
f 7/16/4 8/15/4 6/14/4 5/13/4
f 6/20/5 1/19/5 2/18/5 5/17/5
f 7/24/6 4/23/6 3/22/6 8/21/6
o left_leg
v 1.9636791206741073 0.78125 0.5090012166230856
v 1.8567978258848359 0.78125 0.21534727262748918
v 1.9636791206741073 -0.03125 0.5090012166230856
v 1.8567978258848359 -0.03125 0.21534727262748918
v 1.5631438818892396 0.78125 0.32222856741676065
v 1.670025176678511 0.78125 0.6158825114123571
v 1.5631438818892396 -0.03125 0.32222856741676065
v 1.670025176678511 -0.03125 0.6158825114123571
vt 0.125 0.375
vt 0.0625 0.375
vt 0.0625 0
vt 0.125 0
vt 0.1875 0.375
vt 0.125 0.375
vt 0.125 0
vt 0.1875 0
vt 0.25 0.375
vt 0.1875 0.375
vt 0.1875 0
vt 0.25 0
vt 0.0625 0.375
vt 0 0.375
vt 0 0
vt 0.0625 0
vt 0.0625 0.375
vt 0.125 0.375
vt 0.125 0.5
vt 0.0625 0.5
vt 0.125 0.5
vt 0.1875 0.5
vt 0.1875 0.375
vt 0.125 0.375
vn -0.34202014332566866 0 -0.9396926207859084
vn 0.9396926207859084 0 -0.34202014332566866
vn 0.34202014332566866 0 0.9396926207859084
vn -0.9396926207859084 0 0.34202014332566866
vn 0 1 0
vn 0 -1 0
usemtl m_cc9152ef-ed8e-2a57-ce9e-13ec3f6adc82
f 12/28/7 15/27/7 13/26/7 10/25/7
f 11/32/8 12/31/8 10/30/8 9/29/8
f 16/36/9 11/35/9 9/34/9 14/33/9
f 15/40/10 16/39/10 14/38/10 13/37/10
f 14/44/11 9/43/11 10/42/11 13/41/11
f 15/48/12 12/47/12 11/46/12 16/45/12
o right_leg
v 2.1868561181107604 0.78125 0.42777143258323935
v 2.079974823321489 0.78125 0.13411748858764294
v 2.1868561181107604 -0.03125 0.42777143258323935
v 2.079974823321489 -0.03125 0.13411748858764294
v 1.7863208793258927 0.78125 0.2409987833769144
v 1.8932021741151641 0.78125 0.5346527273725108
v 1.7863208793258927 -0.03125 0.2409987833769144
v 1.8932021741151641 -0.03125 0.5346527273725108
vt 0.0625 0.375
vt 0.125 0.375
vt 0.125 0
vt 0.0625 0
vt 0 0.375
vt 0.0625 0.375
vt 0.0625 0
vt 0 0
vt 0.1875 0.375
vt 0.25 0.375
vt 0.25 0
vt 0.1875 0
vt 0.125 0.375
vt 0.1875 0.375
vt 0.1875 0
vt 0.125 0
vt 0.125 0.375
vt 0.0625 0.375
vt 0.0625 0.5
vt 0.125 0.5
vt 0.1875 0.5
vt 0.125 0.5
vt 0.125 0.375
vt 0.1875 0.375
vn -0.34202014332566866 0 -0.9396926207859084
vn 0.9396926207859084 0 -0.34202014332566866
vn 0.34202014332566866 0 0.9396926207859084
vn -0.9396926207859084 0 0.34202014332566866
vn 0 1 0
vn 0 -1 0
usemtl m_cc9152ef-ed8e-2a57-ce9e-13ec3f6adc82
f 20/52/13 23/51/13 21/50/13 18/49/13
f 19/56/14 20/55/14 18/54/14 17/53/14
f 24/60/15 19/59/15 17/58/15 22/57/15
f 23/64/16 24/63/16 22/62/16 21/61/16
f 22/68/17 17/67/17 18/66/17 21/65/17
f 23/72/18 20/71/18 19/70/18 24/69/18